[Paper0]
Name=80mm
DisplayName=80mm
Width=80.009999999999991
Height=209.80399999999997
MarginTop=0
MarginBottom=0
MarginLeft=0
MarginRight=0
Orientation=portrait
