[Paper0]
Name=58mm
DisplayName=58mm
Width=57.911999999999992
Height=279.39999389648438
MarginTop=6.3499999999999996
MarginBottom=14.224
MarginLeft=6.3499999999999996
MarginRight=6.3499999999999996
Orientation=portrait
